 0.030  1779.   -3.88  4.75  0.120    1.000  14.27  15.57  12.77  11.77  11.00  
 0.040  2225.   -3.46  4.84  0.125    1.000  12.33  13.62  11.18  10.64  10.24  
 0.050  2471.   -3.23  4.89  0.133    0.997  11.49  12.51  10.59  10.12   9.77  
 0.060  2635.   -3.06  4.92  0.141    0.901  11.02  11.89  10.24   9.76   9.42  
 0.070  2757.   -2.94  4.93  0.149    0.244  10.68  11.44   9.97   9.47   9.14  
 0.072  2780.   -2.91  4.94  0.151    0.111  10.62  11.35   9.92   9.42   9.09  
 0.075  2810.   -2.88  4.94  0.154    0.017  10.53  11.24   9.84   9.34   9.02  
 0.080  2853.   -2.83  4.94  0.158    0.000  10.41  11.09   9.73   9.23   8.91  
 0.090  2924.   -2.74  4.95  0.167    0.000  10.19  10.82   9.53   9.03   8.73  
 0.100  2978.   -2.67  4.95  0.175    0.000  10.00  10.61   9.37   8.86   8.57  
 0.110  3026.   -2.60  4.95  0.183    0.000   9.84  10.41   9.22   8.71   8.42  
 0.130  3105.   -2.48  4.95  0.199    0.000   9.57  10.09   8.97   8.45   8.17  
 0.150  3162.   -2.38  4.95  0.215    0.000   9.34   9.83   8.76   8.22   7.95  
 0.170  3210.   -2.30  4.95  0.229    0.000   9.14   9.61   8.57   8.03   7.76  
 0.200  3270.   -2.19  4.94  0.251    0.000   8.87   9.32   8.31   7.77   7.51  
 0.300  3411.   -1.91  4.91  0.318    0.000   8.20   8.61   7.68   7.12   6.87  
 0.400  3536.   -1.68  4.87  0.384    0.000   7.66   8.03   7.15   6.57   6.34  
 0.500  3727.   -1.42  4.79  0.471    0.000   7.03   7.36   6.55   5.94   5.73  
 0.600  4030.   -1.15  4.74  0.546    0.000   6.45   6.73   5.99   5.34   5.18  
 0.700  4400.   -0.88  4.69  0.626    0.000   5.84   6.08   5.41   4.80   4.69  
 0.800  4825.   -0.61  4.64  0.708    0.005   5.24   5.43   4.87   4.37   4.29  
 0.900  5208.   -0.37  4.58  0.801    0.082   4.71   4.86   4.39   3.98   3.92  
 1.000  5547.   -0.16  4.53  0.904    0.307   4.25   4.37   3.97   3.63   3.58  
 1.100  5889.    0.05  4.46  1.021    0.574   3.81   3.90   3.56   3.27   3.23  
 1.200  6172.    0.24  4.39  1.154    0.770   3.41   3.49   3.19   2.95   2.91  
 1.300  6455.    0.41  4.33  1.286    0.880   3.05   3.12   2.86   2.65   2.62  
 1.400  6767.    0.56  4.29  1.394    0.938   2.75   2.81   2.58   2.42   2.39  